0 0.4236140949447595 0.7416777629826897 0.430965315681328 0.7217043941411451 0.41442506902404896 0.6977363515312917 0.4070738482874804 0.7217043941411451
0 0.771878177339692 0.6844207723035951 0.7810672032604026 0.6711051930758988 0.7755537877079761 0.655126498002663 0.7626891514189813 0.655126498002663 0.7599324436427682 0.6684420772303595
0 0.7920940343652554 0.6564580559254327 0.7994452551018238 0.6338215712383488 0.7930129369573264 0.6178428761651131 0.7856617162207579 0.6378162450066578
0 0.8849031961644326 0.4940079893475366 0.8977678324534274 0.47403462050599204 0.8913355143089299 0.45006657789613846 0.8738763650595797 0.4580559254327563 0.8674440469150824 0.47802929427430096
0 0.9005245402296406 0.32490013315579236 0.8986867350454985 0.30758988015978694 0.8839842935723615 0.3062583222370173 0.8839842935723615 0.3275632490013315
0 0.8977678324534274 0.2862849533954727 0.8849031961644326 0.2836218375499334 0.8839842935723615 0.2982689747003995 0.8968489298613563 0.303595206391478
0 0.400641530142983 0.7137150466045273 0.4070738482874804 0.6977363515312917 0.39880372495884087 0.6857523302263648 0.38777689385398806 0.6884154460719042 0.38777689385398806 0.6990679094540613
0 0.5623683863474899 0.7669773635153129 0.5715574122682004 0.7523302263648469 0.5550171656109214 0.7376830892143809 0.5495037500584949 0.748335552596538
0 0.6827446259087989 0.8402130492676432 0.6900958466453675 0.8175765645805594 0.6809068207246568 0.8055925432756326 0.6662043792515199 0.8255659121171771
0 0.7296086581044231 0.7683089214380826 0.7360409762489205 0.7470039946737682 0.7222574373678546 0.7336884154460719 0.7158251192233572 0.7523302263648469
0 0.7002037751581491 0.810918774966711 0.7084738984867885 0.7869507323568575 0.7002037751581491 0.7736351531291611 0.6910147492374386 0.7936085219707057
0 0.9005245402296406 0.22902796271637815 0.8996056376375695 0.20639147802929428 0.8839842935723615 0.20639147802929428 0.8849031961644326 0.22769640479360853
0 0.8371202613767373 0.5685752330226365 0.847228189889519 0.5486018641810919 0.8343635536005242 0.5366178428761651 0.8270123328639556 0.5539280958721704
