0 0.457815572017094 0.6511318242343542 0.4791589553279142 0.6231691078561917 0.5005023386387344 0.6418109187749667 0.5186442144529316 0.6644474034620506 0.49303215447994736 0.6937416777629827
0 0.5399875977637518 0.7350199733688414 0.5495921202536209 0.7097203728362182 0.5634653194056541 0.715046604527297 0.5741370110610642 0.7296937416777631 0.5880102102130974 0.758988015978695 0.5784056877232283 0.7776298268974701
0 0.6050849168617536 0.8055925432756326 0.6157566085171636 0.7856191744340879 0.5912117177097204 0.762982689747004 0.5805400260543103 0.7776298268974701
0 0.6659135592975912 0.8628495339547271 0.7000629725949036 0.8402130492676432 0.724607863402347 0.8695073235685752 0.7053988184226087 0.9107856191744341
0 0.6360328226624429 0.4980026631158455 0.648838852648935 0.47270306258322237 0.6701822359597552 0.4940079893475366 0.6541746984766401 0.5139813581890812
0 0.653107529311099 0.09720372836218376 0.653107529311099 0.06657789613848203 0.6851226042773294 0.0692410119840213 0.6840554351117885 0.09720372836218376
0 0.49409932364548836 0.09187749667110517 0.49409932364548836 0.06657789613848203 0.5165098761218496 0.06657789613848203 0.5207785527840136 0.09054593874833555
0 0.6029505785306716 0.09720372836218376 0.6018834093651305 0.06524633821571238 0.6403014993246069 0.06391478029294274 0.64350300682123 0.08788282290279627
0 0.8409293024463171 0.10119840213049267 0.8419964716118581 0.07057256990679095 0.8580040090949733 0.06125166444740346 0.8686757007503833 0.07856191744340879 0.8686757007503833 0.09454061251664447
0 0.7523542617064132 0.08921438082556592 0.7534214308719541 0.06657789613848203 0.7662274608584463 0.0559254327563249 0.7790334908449384 0.0692410119840213 0.7811678291760206 0.08921438082556592 0.7694289683550692 0.09720372836218376
0 0.6957942959327396 0.09054593874833555 0.6936599576016576 0.07057256990679095 0.6989958034293626 0.05858854860186418 0.7150033409124777 0.05193075898801598 0.724607863402347 0.06524633821571238 0.724607863402347 0.08921438082556592
0 0.8921534223922856 0.10119840213049267 0.8921534223922856 0.07323568575233022 0.9102952982064829 0.07057256990679095 0.9177654823652701 0.08655126498002662 0.9092281290409419 0.10119840213049267
0 0.9519148956625824 0.07456724367509987 0.9369745273450082 0.06790945406125166 0.918832651530811 0.06790945406125166 0.920966989861893 0.09587217043941411 0.9401760348416311 0.10119840213049267 0.9529820648281233 0.09054593874833555
0 0.5367860902671289 0.09187749667110517 0.5378532594326698 0.06258322237017311 0.5613309810745721 0.06258322237017311 0.5655996577367361 0.07723035952063914 0.5623981502401131 0.09720372836218376
