0 0.6590602822390043 0.525965379494008 0.6660529642786753 0.5019973368841545 0.6957718629472777 0.5019973368841545 0.6957718629472777 0.5272969374167776
0 0.34788593147363883 0.5685752330226365 0.35138227249347437 0.5406125166444741 0.38459751218191224 0.5392809587217043 0.38459751218191224 0.5619174434087882
0 0.6695493052985109 0.8948069241011984 0.6643047937687575 0.8655126498002663 0.6992682039671132 0.8495339547270306 0.7062608860067843 0.8854860186418108
0 0.6782901578480999 0.42876165113182424 0.6643047937687575 0.4181091877496671 0.6695493052985109 0.3981358189081225 0.7045127154968666 0.3981358189081225 0.6975200334571955 0.4207723035952064
0 0.6590602822390043 0.17842876165113183 0.6590602822390043 0.15579227696404793 0.685282839887771 0.15978695073235685 0.6905273514175243 0.1810918774966711
0 0.6503194296894153 0.07057256990679095 0.6835346693778531 0.0758988015978695 0.685282839887771 0.033288948069241014 0.6520676001993331 0.041278295605858856
0 0.6678011347885932 0.492676431424767 0.6678011347885932 0.47137150466045274 0.6975200334571955 0.4620505992010652 0.7027645449869487 0.4873501997336884
0 0.6555639412191687 0.7576564580559254 0.660808452748922 0.7230359520639148 0.6992682039671132 0.7243675099866844 0.6975200334571955 0.7523302263648469
0 0.6643047937687575 0.8229027962716379 0.6555639412191687 0.7856191744340879 0.6957718629472777 0.7842876165113182 0.6957718629472777 0.8149134487350199
0 0.38284934167199447 0.07989347536617843 0.38284934167199447 0.047936085219707054 0.34438959045380324 0.04660452729693742 0.346137760963721 0.0758988015978695
