0 0.45873926913081503 0.6205094782270077 0.47044007340715105 0.6217066092105188 0.4722875688192041 0.6025525134743425 0.45812343732679733 0.6013553824908314
0 0.552961535145521 0.6193123472434967 0.5658940030298925 0.6241008711775408 0.5652781712258748 0.6013553824908314 0.5517298715374858 0.5989611205238095
0 0.5073899816482123 0.7893049469020612 0.5086216452562476 0.7665594582153517 0.5209382813366014 0.772545113132907 0.519706617728566 0.7881078159185502
0 0.7136936359941373 0.6288893951115848 0.714309467798155 0.6049467754413645 0.7309369265066324 0.6037496444578535 0.7321685901146678 0.6252980021610518 0.7223152812503849 0.6288893951115848
0 0.7112303087780664 0.7940934708361053 0.7118461405820841 0.7773336370669509 0.7210836176423495 0.778530768050462 0.7210836176423495 0.7964877328031271
0 0.6964503454816421 0.7928963398525943 0.6964503454816421 0.7761365060834399 0.7056878225419073 0.7761365060834399 0.7056878225419073 0.7940934708361053
0 0.5837531253464054 0.7940934708361053 0.5837531253464054 0.7749393750999289 0.5917589387986353 0.7737422441164179 0.5942222660147061 0.784516422968017 0.5917589387986353 0.7964877328031271
0 0.6268613516276434 0.6205094782270077 0.6287088470396965 0.6013553824908314 0.6373304922959441 0.6037496444578535 0.6379463240999618 0.6193123472434967
0 0.6268613516276434 0.7893049469020612 0.6305563424517496 0.7737422441164179 0.6496471283762978 0.7749393750999289 0.6453363057481741 0.7893049469020612
0 0.7334002537227032 0.7964877328031271 0.7327844219186855 0.7761365060834399 0.7432535625869862 0.772545113132907 0.7444852261950216 0.7881078159185502
0 0.4451909694424259 0.7893049469020612 0.4451909694424259 0.772545113132907 0.45319678289465576 0.7713479821493958 0.4550442783067089 0.786910684935039
