0 0.30216485043516417 0.5711145452593355 0.3065530607767132 0.5612203476580366 0.30289621882542234 0.5513261500567378 0.3102099027280041 0.5451422765559261 0.318254955020844 0.541431952455439 0.3255686389234257 0.5451422765559261 0.32410590214290935 0.5686409958590107
0 0.4177210560959555 0.5550364741572248 0.4177210560959555 0.5674042211588485 0.4462444233160243 0.5674042211588485 0.4425875813647334 0.5488526006564131 0.4279602135595699 0.5439055018557636
0 0.45794631756015497 0.5439055018557636 0.4586776859504132 0.566167446458686 0.4747677905360931 0.5649306717585237 0.4747677905360931 0.5451422765559261 0.46599136985299494 0.5401951777552766
0 0.6429825202954728 0.5451422765559261 0.6437138886857309 0.5698777705591731 0.6634608352227016 0.566167446458686 0.6656549403934762 0.5463790512560883 0.6583412564908943 0.5401951777552766
0 0.2648650625319973 0.3719938185331958 0.27510421999561174 0.36828349443270875 0.28314927228845166 0.3707570438330335 0.28534337745922617 0.3509686486304357 0.2780296935566445 0.34602154982978633 0.26193958897096464 0.3509686486304357
0 0.8082717764938198 0.5686409958590107 0.8068090397133035 0.5426687271556012 0.8111972500548525 0.5389584030551141 0.8199736707379506 0.5340113042544647 0.8214364075184669 0.5463790512560883 0.8294814598113068 0.5488526006564131 0.8309441965918232 0.5723513199594978
0 0.7022233599063847 0.5674042211588485 0.7007606231258684 0.5426687271556012 0.7168507277115482 0.5377216283549519 0.7168507277115482 0.5686409958590107
0 0.5800848387332699 0.36828349443270875 0.5837416806845608 0.352205423330598 0.5778907335624954 0.3361273522284874 0.5596065238060411 0.3361273522284874 0.5610692605865574 0.3509686486304357 0.5654574709281064 0.36209962093189696
0 0.6495648358077963 0.36828349443270875 0.631280626051342 0.36086284623173454 0.635668836392891 0.34107445102913686 0.6459079938565054 0.33860090162881223 0.6539530461493454 0.3497318739302734
0 0.4806187376581583 0.5649306717585237 0.4806187376581583 0.5488526006564131 0.48646968478022373 0.5463790512560883 0.49305200029254737 0.5513261500567378 0.4915892635120309 0.5636938970583614
