0 0.6008162401995895 0.48202396804260983 0.6274954693381148 0.5059920106524634 0.6467045143178531 0.4474034620505992 0.6189581160137867 0.4247669773635153
0 0.1739485739831849 0.6511318242343542 0.19209044979738205 0.640479360852197 0.18248592730751298 0.607190412782956 0.1654112206588568 0.6165113182423435
0 0.05015695078042755 0.7017310252996005 0.07150033409124777 0.692410119840213 0.06189581160137867 0.6617842876165113 0.043753935787181474 0.6697736351531292
0 0.641368668490148 0.35685752330226367 0.6680478976286733 0.37283621837549935 0.6797867584496244 0.3262316910785619 0.6669807284631323 0.3129161118508655
0 0.4332706812096507 0.3355525965379494 0.4535468953549299 0.3448735019973369 0.459949910348176 0.3129161118508655 0.4407408653684378 0.3009320905459387
0 0.12699313069938037 0.4766977363515313 0.14940368317574163 0.459387483355526 0.16434405149331577 0.5099866844207723 0.1376648223547905 0.521970705725699
0 0.028813567469607313 0.6151797603195739 0.04695544328380451 0.6045272969374168 0.037350920793935406 0.5752330226364847 0.01920904497973821 0.5845539280958721
0 0.0032015074966230345 0.5272969374167776 0.02027621414527922 0.5153129161118508 0.03308224413177136 0.5379494007989347 0.037350920793935406 0.5619174434087882 0.007470184158787081 0.5778961384820239
0 0.006403014993246069 0.4647137150466045 0.018141875814197198 0.507323568575233 0.0 0.5153129161118508
0 0.12272445403721634 0.4607190412782956 0.14406783734803655 0.4474034620505992 0.1291274690304624 0.4087882822902797 0.11098559321626521 0.41544607190412786
0 0.15580669816898768 0.5645805592543276 0.1739485739831849 0.5552596537949401 0.16007537483115172 0.5233022636484687 0.14086632985141354 0.5326231691078562
0 0.09924673239531408 0.36884154460719043 0.09177654823652698 0.38881491344873503 0.09711239406423205 0.41011984021304926 0.10885125488518317 0.41011984021304926 0.12272445403721634 0.4007989347536618 0.11418710071288823 0.36884154460719043
0 0.05976147327029665 0.23568575233022637 0.08430636407773992 0.2263648468708389 0.0736346724223298 0.1970705725699068 0.055492796608132604 0.20372836218375498 0.054425627442591586 0.21704394141145142
0 0.04588827411826349 0.1744340878828229 0.06723165742908373 0.16644474034620507 0.058694304104755644 0.13315579227696406 0.035216582462853384 0.14247669773635152
0 0.027746398304066302 0.10386151797603196 0.04802261244934551 0.08788282290279627 0.05655996577367361 0.1278295605858855 0.035216582462853384 0.13715046604527298
0 0.6957942959327396 0.1611185086551265 0.7150033409124777 0.1904127829560586 0.7278093708989699 0.1584553928095872 0.737413893388839 0.1278295605858855 0.7053988184226087 0.1118508655126498
0 0.7342123858922158 0.09587217043941411 0.7491527542097901 0.09986684420772303 0.7555557692030362 0.0758988015978695 0.73848106255438 0.0758988015978695
0 0.7480855850442493 0.03595206391478029 0.739548231719921 0.06125166444740346 0.7523542617064132 0.06790945406125166 0.7608916150307412 0.045272969374167776
0 0.8814817307368756 0.05858854860186418 0.8985564373855317 0.02929427430093209 0.9327058506828441 0.05326231691078562 0.9316386815173031 0.10119840213049267
0 0.8494666557706452 0.037283621837549935 0.8569368399294323 0.02130492676431425 0.8708100390814654 0.03994673768308921 0.8633398549226784 0.05059920106524633
