0 0.4085393388525445 0.7762982689747004 0.4085393388525445 0.7470039946737682 0.3973817518670758 0.7496671105193076 0.3836493371157298 0.7536617842876165 0.3853658889596481 0.7736351531291611
0 0.4931913482169439 0.6277394732525159 0.4931913482169439 0.6029356920384351 0.4841316772597284 0.6029356920384351 0.483065833617703 0.6244323024239717
0 0.6583971127308739 0.763333477222824 0.6717201582561908 0.762506684515688 0.66958847097214 0.7451440376658315 0.6573312690888485 0.7434904522515595
0 0.6834444383184696 0.7558923428585997 0.672786001898216 0.7575459282728717 0.6706543146141655 0.7434904522515595 0.6818456728554316 0.7434904522515595
0 0.7441975259139147 0.7649870626370963 0.738868307703788 0.7434904522515595 0.7607181023653078 0.7418368668372876 0.7628497896493586 0.7591995136871439 0.7580534932602444 0.765813855344232
0 0.7862983497739164 0.7616798918085519 0.7708436169645487 0.7608530991014161 0.765514398754422 0.7434904522515595 0.7852325061318911 0.7401832814230153 0.7878971152369545 0.7501047939086477
0 0.8086810662564488 0.7608530991014161 0.8006872389412587 0.7550655501514637 0.7990884734782207 0.7426636595444234 0.8209382681397404 0.7434904522515595 0.8246687208868291 0.7575459282728717
0 0.8417222191592348 0.7542387574443278 0.8385246882331587 0.7418368668372876 0.8230699554237911 0.7443172449586954 0.8278662518129052 0.7608530991014161
0 0.9291213978053137 0.20173742054119015 0.9296543196263265 0.19098911534842183 0.9349835378364533 0.1893355299341498 0.928588475984301 0.1678389195486131 0.9205946486691109 0.164531748720069 0.9205946486691109 0.20173742054119015
0 0.9301872414473392 0.0859864415421466 0.928588475984301 0.06697020927801804 0.9200617268480983 0.06862379469229009 0.9195288050270857 0.08267927071360254
