0 0.3849631985113924 0.7497580012671077 0.3849631985113924 0.7762542128976493 0.4077345803909738 0.7762542128976493 0.41152981070423744 0.7595714129821232 0.40963219554760555 0.7477953189241048
0 0.483006648270701 0.6231649901434093 0.49249472405385986 0.6261090136579139 0.49375980082494775 0.6005941431988739 0.4842717250417889 0.6025568255418771
0 0.3387878963666859 0.77036616586864 0.3489085105353887 0.7742915305546461 0.3489085105353887 0.7527020247816124 0.33752281959559804 0.7536833659531139
0 0.6575872426808247 0.7595714129821232 0.6569547042952807 0.7458326365811017 0.6689729336206153 0.7458326365811017 0.6696054720061592 0.7634967776681293
0 0.7442450015003425 0.7644781188396308 0.7613235379100286 0.7693848246971384 0.7632211530666602 0.7507393424386093 0.7613235379100286 0.7448512954096 0.7385521560304471 0.7438699542380985
0 0.7657513066088358 0.7595714129821232 0.7777695359341706 0.7615340953251263 0.7866250733317856 0.7615340953251263 0.7872576117173296 0.7448512954096 0.7809322278618902 0.7399445895520924 0.7670163833799237 0.7409259307235938
0 0.8020154853247512 0.7556460482961169 0.8108710227223661 0.7605527541536248 0.8235217904332447 0.7595714129821232 0.8241543288187886 0.7428886130665969 0.8013829469392073 0.7409259307235938
0 0.8399677884573867 0.7546647071246155 0.8279495591320523 0.7615340953251263 0.8260519439754204 0.7527020247816124 0.8260519439754204 0.7428886130665969 0.8374376349152111 0.7399445895520923 0.8412328652284746 0.7419072718950954
0 0.9209327018070094 0.3513334856374833 0.9285231624335364 0.35329616798048635 0.9323183927468002 0.35035214446598173 0.9310533159757122 0.3366133680649602 0.9209327018070094 0.3346506857219571
0 0.9203001634214654 0.20215628132931687 0.9266255472769047 0.20019359898631378 0.9342160079034317 0.18841750492829534 0.9323183927468002 0.17566006969877532 0.9291557008190804 0.16388397564075685 0.9203001634214654 0.1648653168122584
0 0.9209327018070094 0.08341399957763074 0.9209327018070094 0.06084315263309536 0.9285231624335364 0.05888047029009229 0.9335834695178878 0.07065656434811075 0.9297882392046243 0.0824326584061292
