0 0.1251005631536605 0.43197529799260986 0.12831858407079644 0.3910141871064394 0.15245374094931616 0.3895512902890762 0.15325824617860015 0.420272123453704 0.14440868865647624 0.4378268852620628 0.13395012067578438 0.43197529799260986
0 0.09292035398230088 0.4363639884446996 0.09372485921158487 0.3910141871064394 0.11866452131938857 0.3910141871064394 0.11625100563153659 0.4334381948099731 0.10257441673370878 0.4334381948099731
0 0.059935639581657284 0.4349010916273363 0.05913113435237329 0.3880883934717129 0.083266291230893 0.3910141871064394 0.08809332260659694 0.41149474254952456 0.08246178600160899 0.4363639884446996
0 0.7341110217216412 0.7289433519173456 0.7357200321802092 0.6909080346659016 0.7542236524537409 0.6909080346659016 0.755832662912309 0.7289433519173456
0 0.6914722445695898 0.7289433519173456 0.6914722445695898 0.7055370028395338 0.7011263073209976 0.7011483123874441 0.7099758648431215 0.7172401773784397 0.7059533386967015 0.7362578360041616
0 0.17015285599356397 0.4261237107231569 0.17176186645213193 0.39393998074116593 0.19267900241351568 0.3924770839238027 0.1967015285599356 0.42319791708843046 0.18141592920353983 0.4349010916273363
0 0.7614641995172968 0.43197529799260986 0.7574416733708769 0.3954028775585291 0.766291230893001 0.38662549665434975 0.7807723250201125 0.3895512902890762 0.7855993563958166 0.407106052097435 0.7807723250201125 0.4261237107231569
0 0.6504424778761062 0.4173463298189775 0.6504424778761062 0.3895512902890762 0.674577634754626 0.3910141871064394 0.669750603378922 0.4188092266363408
0 0.6786001609010459 0.4290495043578834 0.6802091713596138 0.4041802584627085 0.6890587288817378 0.3880883934717129 0.6946902654867256 0.41295763936688784 0.6914722445695898 0.43197529799260986
0 0.759855189058729 0.7333320423694352 0.762268704746581 0.6996854155700809 0.7646822204344328 0.6850564473964487 0.7711182622687047 0.6821306537617221 0.7864038616251006 0.6850564473964487 0.7831858407079646 0.7245546614652558 0.7687047465808527 0.7333320423694352
0 0.664923572003218 0.7230917646478926 0.665728077232502 0.6967596219353545 0.6826226870474658 0.6982225187527178 0.6818181818181819 0.7230917646478926
