0 0.4942158622645473 0.3348510463900902 0.5041996476655491 0.34229218075431445 0.5118343070898446 0.33650463180436224 0.5106597441014915 0.31170085059028146 0.49891411421795995 0.3141812287116896 0.4942158622645473 0.3141812287116896
0 0.5858317753560929 0.38941936506106795 0.5858317753560929 0.3712299255040753 0.5911173088036821 0.36213520572557906 0.5993392497221541 0.36296199843271504 0.6016883756988604 0.3786710598682996 0.6011010942046838 0.3902461577682039
0 0.4948031437587239 0.47209863577467037 0.5024378031830194 0.4696182576532623 0.5159452775490806 0.45390919621767783 0.507136055136432 0.4489484399748617 0.5012632401946663 0.44977523268199776 0.4948031437587239 0.45060202538913374
0 0.4924540177820176 0.587022822066578 0.5088978996189617 0.5886764074808499 0.5083106181247852 0.6126533959877947 0.4942158622645473 0.6109998105735227
0 0.4959777067470771 0.293511411033289 0.507136055136432 0.2926846183261529 0.5083106181247852 0.2786291423048405 0.4936285807703708 0.2753219714762964
0 0.4959777067470771 0.196776664298374 0.5036123661713725 0.19181590805555784 0.5118343070898446 0.19512307888410196 0.5135961515723744 0.1719728830842932 0.4930412992761942 0.17114609037715722
0 0.491866736287841 0.15047627269875657 0.5077233366306085 0.14882268728448453 0.507136055136432 0.13228683314176404 0.491866736287841 0.12897966231321992
0 0.5887681828269757 0.4233178660536449 0.5887681828269757 0.40843559732519646 0.5922918717920352 0.4026480483752442 0.5981646867338009 0.4051284264966523 0.5987519682279776 0.42249107334650887 0.5940537162745649 0.42745182958932504
0 0.5911173088036821 0.43489296395354926 0.5875936198386226 0.44729485456058965 0.5887681828269757 0.4572163670462219 0.5934664347803883 0.4605235378747661 0.5981646867338009 0.4555627816319499 0.5993392497221541 0.44481447643918154
0 0.5059614921480788 0.7701516274161848 0.4995013957121364 0.7701516274161848 0.4983268327237834 0.7974357867516737 0.5036123661713725 0.8007429575802177 0.507136055136432 0.7875142742660415
