0 0.6936650123068232 0.6737683089214381 0.7025077674212161 0.6577896138482024 0.7123330508816528 0.6458055925432756 0.7280535044183513 0.6604527296937417 0.729036032764395 0.681757656458056 0.7142981075737401 0.6910785619174434
0 0.7575293547996611 0.748335552596538 0.7614594681838356 0.7363515312916112 0.7703022232982286 0.7310252996005326 0.7820925634507525 0.7443408788282291 0.7761973933744906 0.7683089214380826
0 0.9284892870112578 0.9347536617842878 0.9353669854335633 0.9094540612516646 0.9481398539321311 0.9041278295605859 0.9658253641609168 0.9227696404793607 0.9569826090465239 0.9640479360852197
0 0.5521809304765364 0.5459387483355526 0.5757616107815842 0.5419440745672437 0.5806742525118025 0.5139813581890812 0.5767441391276278 0.5019973368841545 0.5620062139369729 0.492676431424767 0.5511984021304926 0.5059920106524634
0 0.7938829036032764 0.2210386151797603 0.7958479602953638 0.20239680426098533 0.8027256587176694 0.19307589880159784 0.8194286406004117 0.1904127829560586 0.8213936972924989 0.22237017310252993
0 0.3851511116491143 0.34354194407456723 0.3959589234555946 0.33422103861517977 0.39399386676350723 0.3209054593874833 0.3743432998426341 0.2929427430093209 0.3635354880361538 0.3155792276964048 0.36943065811241577 0.33022636484687085
0 0.3222692975023202 0.2822902796271638 0.32914699592462576 0.2609853528628495 0.342902392769237 0.2636484687083888 0.35076261953758625 0.27030625832223704 0.3468325061534116 0.28495339547270304 0.33405963765484403 0.2929427430093209
0 0.8302364524068918 0.2210386151797603 0.8302364524068918 0.19973368841544606 0.8390792075212847 0.1904127829560586 0.8547996610579832 0.20239680426098533 0.8547996610579832 0.2210386151797603
0 0.8430093209054594 0.8362183754993342 0.855782189404027 0.8122503328894807 0.8891881531695114 0.8388814913448734 0.8773978130169876 0.8721704394141144
0 0.8027256587176694 0.7909454061251664 0.812550942178106 0.7789613848202397 0.8253238106766735 0.7683089214380826 0.8400617358673285 0.7936085219707057 0.8312189807529355 0.8189081225033289
