0 0.45461406452047093 0.6471371504660453 0.48022612449345525 0.6231691078561917 0.5218457219495547 0.663115845539281 0.49943516947319344 0.6870838881491345
0 0.544256274425916 0.7390146471371505 0.5645324885711951 0.7097203728362182 0.5912117177097204 0.7603195739014648 0.5720026727299822 0.7789613848202397
0 0.7107346642503137 0.9027962716378163 0.7224735250712648 0.8708388814913449 0.6925927884361165 0.8375499334221038 0.6669807284631323 0.8641810918774966
0 0.6403014993246069 0.49533954727030627 0.648838852648935 0.4766977363515313 0.6691150667942142 0.49001331557922767 0.6584433751388041 0.511318242343542
0 0.6504239247363782 0.07303059982132513 0.6897111442040788 0.06802850394315219 0.6913147041823522 0.09704066003655534 0.6528292647037884 0.10704485179290123
0 0.6023171253881732 0.06702808476751759 0.6159473852034979 0.06802850394315219 0.6335865449645063 0.06502724641624841 0.6416043448558739 0.06502724641624841 0.6448114648124208 0.08803688745584398 0.6247669650840022 0.10204275591472828 0.5975064454533526 0.10004191756345909
0 0.4972839468112592 0.07002934229442136 0.4924732668764386 0.09403940250965155 0.5141213265831309 0.09403940250965155 0.5205355664962249 0.08303479157767106 0.5205355664962249 0.06902892311878678
0 0.8420493421400608 0.06702808476751759 0.8612920618793427 0.06302640806497924 0.8693098617707102 0.07503143817259432 0.8693098617707102 0.09203856415838235 0.8388422221835138 0.09604024086092072
0 0.8925614814556759 0.07403101899695973 0.9230291210428725 0.06702808476751759 0.9230291210428725 0.0990414983878245 0.8925614814556759 0.09503982168528612
0 0.9262362409994194 0.066027665591883 0.9526949806409319 0.06802850394315219 0.9591092205540259 0.0890373066314786 0.9583074405648893 0.10404359426599746 0.9270380209885561 0.10004191756345909
