0 0.14737490340007128 0.656677218002277 0.1425938280920343 0.6327002294953322 0.14339067397670713 0.6153375826454756 0.16410866697820073 0.6161643753526117 0.16729605051689206 0.627739473252516 0.16490551286287353 0.6409681565666925 0.16410866697820073 0.6525432544665968
0 0.7282755533265647 0.38466241735452456 0.708354406209744 0.3813552465259804 0.7059638685557255 0.35820505072617176 0.7282755533265647 0.3573782580190358 0.7306660909805831 0.37308731945462026
0 0.7290723992112376 0.35489787989762767 0.7051670226710527 0.35489787989762767 0.7051670226710527 0.3300940986835468 0.7282755533265647 0.32926730597641085 0.7306660909805832 0.34166919658345113
0 0.7282755533265647 0.30012575269037717 0.7067607144403983 0.30012575269037717 0.7051670226710527 0.32658311931873 0.7282755533265647 0.325756326611594
0 0.7274787074418918 0.26870762981920826 0.7258850156725463 0.29599178915469704 0.7051670226710527 0.29599178915469704 0.7059638685557255 0.26953442252634424
0 0.2912109505804345 0.04133963535680127 0.30569905757448596 0.04058800562304125 0.3035258415253782 0.02856192988288088 0.29193535593013703 0.02856192988288088
0 0.14560547529021725 0.3510110856659308 0.14488106994051467 0.36905019927617133 0.15936917693456612 0.37055345874369133 0.15792036623516098 0.35176271539969084
0 0.1571959608854584 0.18640417397248574 0.162991203683079 0.1811427658361656 0.16226679833337643 0.16986831982976522 0.1412590431920018 0.1676134306284852 0.14270785389140694 0.17963950636864554
0 0.15284952878724298 0.0909471977849628 0.14922750203873011 0.10673142219392327 0.15357393413694553 0.11349608979776349 0.16226679833337643 0.11424771953152352 0.16371560903278154 0.09019556805120278
0 0.16154239298367387 0.08267927071360254 0.1738572839286176 0.08042438151232247 0.18327455347475105 0.07666623284352235 0.18037693207594077 0.06013037870080185 0.16226679833337643 0.05787548949952177 0.15864477158486356 0.07215645444096222
