0 0.39958381170015483 0.6350565887106697 0.3982948316624124 0.6523365562898127 0.41891851226629145 0.6523365562898127 0.41762953222854904 0.6323281727771208
0 0.6148434780031415 0.5431999189478574 0.6174214380786265 0.56138935850485 0.636756138644763 0.5622988304826996 0.636756138644763 0.5431999189478574
0 0.6130160510074841 0.6110362106690943 0.6130160510074841 0.6267521051022584 0.6352899359572032 0.627435404860222 0.6343215061767806 0.611719510427058
0 0.607109597776687 0.3913180986469695 0.6109765378899142 0.4049601783147139 0.6316002184937932 0.4049601783147139 0.6303112384560509 0.3904086266691199
0 0.6058206177389446 0.31856034041899933 0.6045316377012021 0.3349308360202926 0.6277332783805659 0.33947819590954076 0.6277332783805659 0.3112845645962023
0 0.4007556117344663 0.726954598108839 0.4030992118030889 0.7459708303729675 0.4230198123863811 0.7476244157872397 0.4230198123863811 0.7236474272802947
0 0.3948966115629098 0.7492780012015117 0.39606841159722106 0.7724281970013205 0.41833261224913587 0.7740817824155924 0.41598901218051326 0.7509315866157837
0 0.3925530114942871 0.32182617161218663 0.41598901218051326 0.32017258619791455 0.41716081221482454 0.3400156111691792 0.3925530114942871 0.34084240387631515
0 0.6128514179448125 0.5888802160171228 0.6140232179791237 0.6054160701598433 0.6351156185967273 0.6054160701598433 0.6362874186310385 0.5863998378957147
0 0.3948966115629098 0.6062428628669793 0.3948966115629098 0.6252590951311079 0.41598901218051326 0.6252590951311079 0.41481721214620193 0.6037624847455713
