0 0.5345305767447227 0.5641399416909622 0.5345305767447227 0.5379008746355685 0.5460082271656217 0.5408163265306123 0.5517470523760711 0.5510204081632653 0.5525668845489925 0.5626822157434402
0 0.4354137856322382 0.5416180210411953 0.4354137856322382 0.5635222426418243 0.4501966347307451 0.5635222426418243 0.449580682684974 0.5383323878011009
0 0.6054165502650659 0.5624270315617929 0.6041846461735236 0.5416180210411953 0.616503687088946 0.5416180210411953 0.6208153514093437 0.5525701318415098 0.616503687088946 0.5624270315617929
0 0.745237664655109 0.5438084432012582 0.7464695687466513 0.5646174537218558 0.7563248014789888 0.5635222426418243 0.7544769453416756 0.545998865361321
0 0.718751726686951 0.5679030869619501 0.718751726686951 0.5492844986014154 0.7218314869158066 0.5438084432012582 0.7273750553277466 0.5438084432012582 0.7310707676023733 0.5602366094017299
0 0.5074801749874587 0.36090819283600534 0.49885684634666305 0.3477656598756279 0.4994727983924342 0.32476622719496734 0.514871599536712 0.32476622719496734 0.5136396954451699 0.345575237715565
0 0.5795465643426791 0.3477656598756279 0.5783146602511369 0.32695664935503027 0.5918656052581014 0.3258614382749988 0.5930975093496437 0.3488608709556593
0 0.7138241103207821 0.35324171527578513 0.7119762541834688 0.3291470715150931 0.719367678732722 0.32476622719496734 0.7267591032819755 0.33462312691525037 0.7267591032819755 0.3477656598756279
0 0.6565405700640684 0.355432137435848 0.6454534332401883 0.3565273485158794 0.6466853373317305 0.32695664935503027 0.6645479466590929 0.32476622719496734 0.6670117548421772 0.34119439339543917
0 0.6768669875745151 0.3543369263558166 0.6719393712083463 0.3477656598756279 0.6725553232541174 0.3258614382749988 0.6799467478033708 0.33900397123537623 0.6885700764441665 0.3302422825951246 0.6873381723526242 0.3477656598756279
