0 0.5869179965626374 0.6277808128878727 0.5880710771059825 0.6468797244227149 0.6076734463428485 0.6477891964005645 0.6099796074295387 0.6277808128878727
0 0.5834587549326022 0.700538571115843 0.5823056743892572 0.7159995947392866 0.599601882539433 0.7187280106728354 0.5972957214527429 0.7014480430936927
0 0.5938364798227077 0.7341890342962791 0.5926833992793626 0.7478311139640235 0.5834587549326022 0.7505595298975725 0.5938364798227077 0.7605637216539182 0.618051171232954 0.7632921375874672 0.6157450101462639 0.7469216419861737 0.6042142047128133 0.7314606183627302
0 0.5846118354759472 0.3822233788684733 0.5846118354759472 0.4095075382039621 0.6076734463428485 0.40859806622611244 0.6076734463428485 0.38131390689062367
0 0.578846432759222 0.34857291568803705 0.5776933522158769 0.37221918711212737 0.6030611241694682 0.37312865908997694 0.6065203657995034 0.3522108035994355
0 0.5823056743892572 0.5413809749921581 0.5834587549326022 0.5595704145491506 0.6042142047128133 0.5586609425713011 0.6030611241694682 0.5468378068592559
0 0.5857649160192923 0.5250104793908648 0.5846118354759472 0.5377430870807596 0.6053672852561585 0.544109390925707 0.6042142047128133 0.5286483673022633
0 0.5846118354759472 0.4313348656723532 0.5846118354759472 0.4495243052293457 0.6019080436261232 0.45134324918504487 0.6019080436261232 0.4322443376502028
0 0.5742341105858417 0.21306159098844252 0.5765402716725317 0.23761733439038246 0.6065203657995034 0.24034575032393135 0.6076734463428485 0.2176089508776907
0 0.5742341105858417 0.17122588000735964 0.5765402716725317 0.18759637560865294 0.5869179965626374 0.20305739923209662 0.6019080436261232 0.21033317505489366 0.6099796074295387 0.1721353519852093
0 0.5823056743892572 0.2612636058144728 0.5823056743892572 0.28127198932716463 0.6065203657995034 0.28309093328286383 0.6076734463428485 0.26399202174802167
