0 0.4101023000284724 0.5237535318552422 0.40435302851866545 0.5396656570440009 0.4059210116577037 0.5502737405031733 0.4127156052602029 0.5617658309172769 0.41846487677000993 0.5617658309172769 0.4231688261871247 0.5467377126834493 0.41585157153827945 0.5387816500890699
0 0.5491301383565323 0.4760171562889659 0.5611513424224923 0.44861294068610363 0.5768311738128751 0.4689451006495176 0.5705592412567221 0.4822052049734833 0.5627193255615307 0.49811733016224197
0 0.4336220471140465 0.5918220673849324 0.44407526804096825 0.5741419282863115 0.4587097773386588 0.5900540534750702 0.4466885732726988 0.6130382343032772
0 0.45714179419962053 0.6095022064835531 0.4639363878021197 0.5971261091145186 0.4691629982655806 0.605966178663829 0.4733442866363493 0.6174582690779324 0.46811767617288846 0.6271823455821739 0.46341372675577364 0.6192262829877946
0 0.4932054063975007 0.6581225890047603 0.4979093558146156 0.6448624846807948 0.5041812883707686 0.6537025542301051 0.5088852377878834 0.6581225890047603 0.5020906441853842 0.6749187211484501
0 0.5344956290588417 0.7270751314893815 0.5423355447540332 0.7111630063006228 0.5491301383565323 0.7208870828048642 0.5512207825419168 0.7270751314893815 0.5449488499857637 0.736799207993623 0.5386769174296107 0.7359152010386919
0 0.5674232749786455 0.7765795209655199 0.5721272243957602 0.758015374911968 0.5836257674153743 0.758899381866899 0.5846710895080663 0.7712754792359335 0.5841484284617203 0.779231541830313 0.5778764959055673 0.7889556183345544
0 0.5867617336934509 0.8039837365683821 0.5925110052032578 0.7924916461542785 0.5846710895080663 0.7827675696500371 0.5783991569519134 0.7916076391993475
0 0.6003509208984491 0.7854195905148302 0.6071455145009483 0.7907236322444164 0.6123721249644093 0.8022157226585199 0.6008735819447953 0.8198958617571408 0.5904203610178734 0.8039837365683821
0 0.5878070557861429 0.5378976431341388 0.5966922935740264 0.5131454483960697 0.5862390726471047 0.4990013371171729 0.5810124621836438 0.4936972953875868 0.5695139191640298 0.5122614414411386 0.5773538348592212 0.5237535318552422
0 0.6160307522888319 0.565301858737001 0.6212573627522928 0.5467377126834493 0.6186440575205623 0.5396656570440009 0.6118494639180632 0.5308255874946904 0.6029642261301796 0.5511577474581044 0.6076681755472944 0.5617658309172769
0 0.6128947860107553 0.8358079869458994 0.6186440575205623 0.8207798687120718 0.6306652615865224 0.8358079869458994 0.622302684844985 0.8517201121346583
0 0.6348465499572911 0.8620949150307575 0.6395504993744059 0.8461827898419989 0.6452997708842129 0.85590686634624 0.651571703440366 0.8603269011208954 0.6479130761159433 0.8727029984899299 0.6395504993744059 0.8735870054448608
0 0.6735234673869017 0.917787353191413 0.680318060989401 0.9001072140927923 0.692861926101707 0.9142513253716887 0.6970432144724757 0.9239754018759302 0.6886806377309383 0.942539547929482 0.6797953999430548 0.9301634505604476
