0 0.09754503021242435 0.6857523302263648 0.09925634653194056 0.6524633821571239 0.11722516788686084 0.644474034620506 0.13091569844299056 0.6564580559254327 0.1351939892417811 0.6764314247669774 0.11808082604661894 0.6870838881491345
0 0.056473438544035144 0.6897470039946738 0.05305080590500271 0.6564580559254327 0.07101962725992299 0.6577896138482024 0.07273094357943921 0.6857523302263648
0 0.2267494123358987 0.6804260985352861 0.22161546337735005 0.66711051930759 0.23530599393347976 0.659121171770972 0.2404399428920284 0.6684420772303595 0.24985218264936762 0.6711051930758988 0.2507078408091257 0.6857523302263648
0 0.4004480187667947 0.681757656458056 0.3970253861277622 0.6471371504660453 0.41841684012171493 0.6484687083888149 0.4226951309205054 0.6750998668442079
0 0.4475092175534907 0.677762982689747 0.442375268594942 0.659121171770972 0.46205540626937847 0.6577896138482024 0.4680450133876852 0.677762982689747
0 0.5382089824878501 0.6790945406125166 0.5364976661683339 0.6458055925432756 0.5647343854403515 0.6484687083888149 0.5673013599196258 0.6764314247669774
0 0.5801362323159974 0.6844207723035951 0.5775692578367231 0.6537949400798935 0.5989607118306758 0.6484687083888149 0.6015276863099501 0.6737683089214381
0 0.6648463901320502 0.681757656458056 0.6614237574930177 0.6511318242343542 0.6965057420431002 0.6471371504660453 0.6982170583626164 0.6750998668442079
0 0.7161858797175367 0.6830892143808256 0.7144745633980204 0.655126498002663 0.7384329918712474 0.655126498002663 0.7367216755517313 0.6737683089214381
0 0.7332990429126987 0.255659121171771 0.7367216755517313 0.23435419440745672 0.7564018132261677 0.23834886817576564 0.7581131295456839 0.2596537949400799
