0 0.4171378129492939 0.5640502811139388 0.42313688531495586 0.5475620899360932 0.41488816081217067 0.5374155107497266 0.40888908844650873 0.520927319571881 0.40289001608084674 0.5412204779446141
0 0.46663015996600515 0.6325396906219131 0.47037958019454396 0.6109782098508841 0.46063108760034327 0.5944900186730385 0.4531322471432657 0.6097098874525884
0 0.5626153178165968 0.4980975164025562 0.576863114685044 0.47019442364004826 0.5611155497251813 0.44482797567413185 0.5483675209481497 0.4739993908349357
0 0.4358849140919876 0.5906850514781511 0.44188398645764954 0.5691235707071222 0.4268863055434945 0.5462937675377973 0.4193874650864171 0.5653186035122346
0 0.393141523486646 0.5247322867667684 0.3976408277608925 0.5044391283940354 0.3818932628010298 0.48160932522471067 0.3781438425724911 0.5069757731906269
0 0.5363693762168257 0.7314688376889869 0.5416185645367798 0.708639034519662 0.5528668252223962 0.7200539361043244 0.5453679847653186 0.7428837392736495
0 0.6038589403305229 0.5526353795292764 0.612107664833308 0.5260006091650643 0.6218561574275088 0.5424888003429099 0.6158570850618468 0.5665869259105305
0 0.570864042319382 0.5120490627838103 0.5746134625479208 0.4993658388008521 0.5813624189592905 0.4892192596144856 0.5978598679648609 0.5107807403855145 0.5873614913249524 0.5386838331480225
0 0.5671146220908433 0.7783967664259321 0.5723638104107975 0.7581036080531992 0.5821123030049983 0.7568352856549033 0.5866116072792448 0.7733234768327492 0.5776129987307518 0.7910799904088905
0 0.585861723233537 0.8037632143918485 0.5918607955991989 0.7898116680105945 0.5851118391878292 0.7796650888242279 0.5798626508678749 0.7936166352054822
0 0.6023591722391074 0.82151972796799 0.6113577807876003 0.7999582471969613 0.6001095201019842 0.7796650888242279 0.5903610275077834 0.7999582471969613
0 0.6248556936103398 0.8544961103236814 0.630104881930294 0.835471274349244 0.6173568531532623 0.8177147607731023 0.6098580126961849 0.8342029519509482
0 0.6458524468901569 0.8811308806878935 0.6526014033015265 0.8608377223151605 0.6391034904787869 0.8456178535356106 0.6323545340674173 0.8608377223151605
0 0.6720983884899278 0.919180552636768 0.6803471129927131 0.8950824270691475 0.6713485044442201 0.8874724926793728 0.6653494320785582 0.8760575910947104 0.6556009394843574 0.8849358478827811 0.6548510554386496 0.8963507494674435
0 0.6945949098611603 0.9356687438146136 0.6990942141354067 0.9179122302384722 0.6803471129927131 0.8976190718657391 0.6750979246727589 0.9242538422299513 0.6848464172669595 0.9420103558060928
0 0.6466023309358646 0.6059049202577009 0.6526014033015265 0.5856117618849678 0.6406032585702025 0.5729285379020096 0.6346041862045405 0.5868800842832637
0 0.47787842065162145 0.6490278817997587 0.48912668133723763 0.6350763354185047 0.4771285366059137 0.6097098874525884 0.4696296961488361 0.6338080130202088
0 0.5033744782056847 0.6832725865537459 0.5101234346170546 0.6591744609861252 0.4966255217943151 0.6439545922065755 0.4898765653829454 0.6617111057827167
0 0.5213716953026708 0.6984924553332956 0.5288705357597482 0.6858092313503374 0.5146227388913011 0.6667843953759003 0.508623666525639 0.6883458761469291
