0 0.4953776518804023 0.4714880534944143 0.5138535276871974 0.4684867959675105 0.5181171913349193 0.4524800891573571 0.5095898640394755 0.44547715492791495 0.4946670412724486 0.4504792508060879
0 0.4996413155281242 0.8016263814538293 0.5060368109997071 0.8026268006294639 0.5060368109997071 0.7706133870091569 0.49822009431221687 0.7706133870091569
0 0.4925352094485877 0.611546738083257 0.5103004746474291 0.6135475764345262 0.5103004746474291 0.5865362586923922 0.4925352094485877 0.5865362586923922
0 0.49395643066449485 0.5085035629928941 0.5131429170792438 0.5065027246416249 0.5131429170792438 0.4774905685482218 0.49395643066449485 0.4744893110213181
0 0.5849145884825628 0.391454519443647 0.5998374112495896 0.3904541002680124 0.5998374112495896 0.36044152499897464 0.5913100839541457 0.36044152499897464 0.5834933672666556 0.3724465551065898
0 0.5920206945620994 0.45848260421116455 0.5877570309143775 0.44647757410354955 0.5898888627382384 0.4334721248202998 0.5955737476018677 0.42947044811776147 0.5977055794257287 0.4444767357522803
0 0.4953776518804023 0.3844515852142048 0.5067474216076608 0.37944948933603195 0.5124323064712901 0.3854520043898394 0.5124323064712901 0.36444320170151306 0.5053262003917535 0.3554394291208018 0.4932458200565413 0.36344278252587847
0 0.49395643066449485 0.3414335606619175 0.5024837579599388 0.33443062643247534 0.5110110852553827 0.3374318839593791 0.5117216958633364 0.3094201470416106 0.5003519261360778 0.3144222429197835 0.4925352094485877 0.3144222429197835
0 0.5074580322156145 0.28841134435328414 0.4953776518804023 0.2964146977583609 0.4932458200565413 0.276406314245669 0.5067474216076608 0.2774067334213037
0 0.5095898640394755 0.2714042183674961 0.4946670412724486 0.26840296084059234 0.4911139882326804 0.24639373897663133 0.5110110852553827 0.2563979307329773
0 0.49395643066449485 0.19737319937053635 0.5031943685678925 0.19237110349236347 0.5117216958633364 0.19637278019490179 0.5174065807269657 0.18736900761419042 0.5117216958633364 0.17036188162840243 0.49395643066449485 0.17136230080403703
0 0.4925352094485877 0.15106329552082323 0.5074580322156145 0.14806203799391945 0.5067474216076608 0.1310549120081314 0.4911139882326804 0.13005449283249682
0 0.5138535276871974 0.07403101899695973 0.49893070492017055 0.07102976147005596 0.4982200943122169 0.05602347383553709 0.5031943685678925 0.047019701254825776 0.5110110852553827 0.05102137795736414 0.5124323064712901 0.06102556971371005
